400
1 0.37 0.45 0.87 0.48 0.68 0.8 0.04 0.87 0.27 0.3 0.56 0.48 0.01 0.45 1.0 0.94 0.29 0.42 0.29 0.48 0.25 0.72 0.78 0.59 0.41 0.26 0.27 0.78 0.28 0.39 0.32 0.44 0.86 0.03 0.5 0.67 0.22 0.43 0.28 0.14 0.79 0.78 0.41 0.29 0.47 0.48 0.28 0.15 0.64 0.17 0.43 0.85 0.01 0.95 0.04 0.59 0.9 0.88 0.45 0.54 0.52 0.41 0.76 0.78 0.62 0.98 0.06 0.35 0.99 0.26 0.91 0.96 0.44 0.97 0.19 0.75 0.33 0.15 0.69 0.18 0.94 0.49 0.5 0.43 0.83 0.91 0.7 0.07 0.39 0.42 0.39 0.25 0.7 0.07 0.64 0.03 0.13 1.0 0.78 0.32 0.18 0.74 0.48 0.15 0.12 0.5 0.1 0.05 0.46 0.96 0.97 0.39 0.96 0.15 0.47 1.0 0.41 0.8 0.68 0.37 0.27 0.09 0.63 0.33 0.4 0.56 0.65 0.32 0.9 0.58 0.98 0.75 0.56 0.48 0.55 0.03 0.14 0.44 0.79 0.45 0.8 0.79 0.38 0.21 0.25 0.79 0.86 0.23 0.42 0.56 0.83 0.3 0.06 0.55 0.22 0.9 0.13 0.94 0.78 0.23 0.75 0.25 0.45 0.41 0.01 0.61 0.83 0.84 0.23 0.83 0.98 0.51 0.78 0.53 0.56 0.34 0.39 0.54 0.63 0.88 0.78 0.01 0.46 0.74 0.37 0.1 0.83 0.32 0.11 0.46 0.8 0.79 0.44 0.44 0.74 0.67 0.12 0.86 0.64 0.35 0.91 0.69 0.38 0.47 0.85 0.79 0.69 0.78 0.22 0.73 0.77 0.77 0.41 0.94 0.85 0.04 0.83 0.02 0.95 0.64 0.43 0.28 0.41 0.34 0.75 0.55 0.21 0.81 0.61 0.68 0.98 0.6 0.97 0.96 0.57 0.78 0.2 0.46 0.16 0.23 0.97 0.27 0.44 0.41 0.17 0.33 0.9 0.93 0.19 0.55 0.99 0.85 0.02 0.55 0.93 0.67 0.24 0.51 0.11 0.2 0.79 0.27 0.8 0.84 0.4 0.35 0.85 0.98 0.04 0.17 0.28 0.72 0.52 0.89 0.87 0.31 0.33 0.87 0.49 0.49 0.92 0.58 0.25 0.36 0.07 0.49 0.45 0.43 0.59 0.81 0.39 0.28 0.59 0.82 0.52 0.68 0.61 0.04 0.96 0.89 0.36 0.67 0.31 0.9 0.97 0.19 0.43 0.59 0.44 0.21 0.78 0.06 0.15 0.33 0.13 0.45 0.67 0.53 0.12 0.61 0.16 0.72 0.79 0.91 0.27 0.1 0.28 0.24 0.15 0.96 0.44 0.09 0.34 0.82 0.04 0.09 0.77 0.69 0.19 0.6 0.54 0.54 0.88 0.58 0.32 0.73 0.08 0.9 0.05 0.76 0.01 0.32 0.07 0.05 0.84 0.25 0.44 0.94 0.08 0.75 1.0 0.88 0.95 0.22 0.35 0.68 0.71 0.55 0.69 0.08 0.51 0.86 0.19 0.68 0.37 0.81 0.05 0.06 0.66 0.98 0.86 0.36 0.32 0.13 0.09 0.19 0.44 0.38 0.02 0.14 0.63 0.45 0.11 0.39 0.91 0.8 0.97 0.55 0.61 
164 63
145 155 148
307 244
241 85 189 358
344 378 29
291 137 237 143 188
24 225 138 198
192 287
376 363 260 231
304 350 7
235 269 141 207 17 376
40 138 163 376
257 330 91 14
117
122 262
178 17 74
388 236
324 331 18 54 91
66 39 305 307 55
272 90 53 270
235 108 349
333 77 142 146 212 221
9 58 235
97 227 166 136 398 313
20 303
362 50 285
48 121 267 327
65 36 76 150 311 91 127 159
267 364 341 183 191
377 174 265
385 229 370 21 342 91
346 351
72 346 108 308

224 392 109 24 153
368 371 183 248 314
7 272 83 250 382
133 265 330 233 234 342
216 65 381 287
219 70
50 18 174
11 52 237 86
356 37 270
11 334
290 219 348 381 158
87
280 303
266 332 181
44 78
171 111
16 276 62
226 20
25 354
50 26 38
9 278
56 146 291 21
9 141 302 272 18
140 306 220 330
133 148 180 89 58
137 362 144 83 91 223
220 271
385 308 36
321 129 242 23
33 11 261 46
230 39 117 88 29 127
118
312 153 78
64 329 78 180 61
64 267 126 223
114 290 109
72 387 213 151
228 74 236 18 182 223
217 82 286 103
36 357 9 43 13 112
38 299 45 276 316
363
163

184 87
198 333 109 301 340 383
202 27 50
152 89 304 133
123 36 373
98 142
362 220
121 244
281 117
178 16 170 91
252 36
87
160 262 78 53 223
10 112 245 85 277 380
232 389 78 23
305
202 395 245 374
128 389 234 48 340 150 345
113
251 215
16 305 286
283 127 286 399
289 66 196
69 371 87 377 155 349
107 262 190 247
392 268 166
162 266 301 15 119
217 126
146 325 374
192 256 186 133
56 65 380 229
219
46 270
33 55 254 143
388 341 292
145 389
201 363 132 335
98 107 13 119
170 43 58 3
0 233
99 124 205 359
129 82 308 76
160
49 236 381 351
292 46 83 85 154
204 119
97 73 233 85 311
27 362 339 357
296 233 53 181
213 198 149
201 246
98 296 206 376 121
296 315 96
177 223
351 265 75 76 180 246 31
6 135 49 380 124
315 187 101 199
122 311
320 194 63 367
104 24 366 94
64 6 296 18 212 214
64 261 360 301 122
96
8 243 375 57 219
232 1 83 19
96 35 125
264 40 3
168 293
196
49 53
217 298 76

192 292 254 55
233 394 228 398
392
72 122 53 303
336 17 284
177 311
320 249 374

153 110 197 245
304 122 91
0
322 83 371 216 351
68 38 231 138 76 210
44
367
360 98
309
224 300 334 207 85

356 132
385 106 324
160 107 210 246 379
385 132 4 210 244 157
168 170 176 116 246 249
358 207 210 89 127
196 37 75 150 187
292 133 190
356 21

310 114 398 247
237 379 21 86
54
265 60 45
82 156 53 76
344
186 275 261
1
379
175 334 335
288 362 67 310
1 8 73 148 31
225 389 198 345 284
168 289 86
345 116
3 100 108 244 380
65 310
32 68 206 19 184 94
360 214 367
162 340 293 159
43 29
328 131 356 343
373
128 257 46 120 25 380

352 33 291 113 183
225 357 397
178 346 323 42
96 161 261 280 283 319
293 37 81 51 312 383
24 353 330 285
129 271 347 28 287
248 28
379 306 282 358
67 291 376 213 344
352 33 162 104 297 138 299 308 377
136 147 205 15
175 147 111 295
201 347 207
65 285 84 189
309
216 121 362
112 146 28
281
392 316
321 186 339 108
144
66 76 77 212 155
297 178 374
41
225 203 13 48 146
92 222 271
194 103 44 87 247
321 69 391
167 137 345 155 124
194 290 390 364 46
36 238
44 319
274 68 117
386 98 138 364 216 157 191
33 140
89 195 292 87
202 219 349
274 147 109 215
326 154 182
371
71 81 148 247 58
392 45 118
10 300 52
179
208 122 60
176 212 382 246
337 273 75 85
115 139 30 367
26 236 54
16 344 147
258 40 175 91 284
100 356 332 85
168 171 77 341 24 346
183 380 231
106 230
210 202 341 383
385 33 392 73 140 207 92
198 263 11 172 174 280
162 46 254 217 93 222 383
73 106 306
314 123 156 268
65 105 362 61
397 182 120 284 30
346 71 230 47
329
25 131 364 257
264 49 86
46
89 339 261
49
105 195 289
358 263 169 76 48 151
108 161 99 12
240 378 227
178 163
356 327 136 59 45 367 177 123
328 312 107 308

153 306 241
113
188 271
324
154 76 334
210 396
3 298 275 205
154 331 395 375
342 103
18 59 70
232 155 140 303
318
165 137 298 363 302 91 189
5 295 88 249 31
235 397
201 395 93 142
183
288 36 248 281 186
315 101 262
260 261 69 342 183 347 286
199 137 333 84 92
128 40 203 124
320 395 43 113 117 155 93

217 84
264 17 293 62
392 85 237
98 391 367 15 121 383
100 359 292 327
288 275 100 7
46 16 115 381 190

304 298 50
54
277 355 189 191
64 158 206
72
24
130 6 9 13 142

312
386 87 185 28 61 62
288 394 398 14 185
135 298 175 111 273 281
265 283 236
3 133 272 274 191
175
32 2 397 81 28
99 333 206 55
9 284 382
251 252
161 289 323 60 285
154
349
338
96 137 29 62
393
353 298 22 327
160 98 2
82
258 76 190 303
216 329 288 84
73 9 370 52 347 318
80
54 315 35 246
144 124 389 71
65 346 95

266 396 381 374
274 165 222
258 234 204
272 147
376 234 322
99 359 181 220 221
4 82 51 55 222
121 270
368 385 61
153 243 356 251
134 265 77 336 274
354 131 69 229 220
256 347
285 114 381 157
324
312 265 101
130 123 238 391
233 204 376 313 94
2 294 73 77 124 159
107 203
97 388 4 303
322 102 234 175 315
186
385 357 285 230
192 327 45 280 188
130 324 80 54 88 30
289 388 165 6 327
35 263 232 306 309 216
138 187 367
338 51 71
41 287
384 225 228 168
185 259 353
174
260 13 38
390 307 84 341 215 216 91
349 367
265 204
208 308 374 87 251
389 397 19 249 382
91
0 354 259 236 55 119
344 165 319
168 226 221 118
24 313 184 367
370 147 359
139 28 23
154 156
258 231
