r_el[ 2,[0. 1. 0. 1. 0. 0.],1895cd11d48eb428d053630c87b284ced0126258286f98c2a53a1b00d14b9657 ]
r_el[ 12,[0. 2. 2. 1. 3. 4.],62914e566e326f856f0c7bcb4a12c2750b401acc6d6bed5992fb8831f378e388 ]
r_el[ 13,[0. 4. 2. 2. 2. 3.],9708aa86e491eedfbf66df07e08ff0d06577fbbabd2f7c1faec9c9c4df9867c0 ]
r_el[ 18,[0. 1. 7. 2. 2. 6.],8277c61c7b4b80753b73195692c8100421f6f64dbadc9e12bec1d62a4a104c21 ]
r_el[ 20,[0. 4. 3. 6. 3. 4.],1dfbf1204204c9f953c043fd6645996a338a11bb105e74a8c0c4f1b573db770b ]
r_el[ 27,[0. 2. 7. 6. 4. 8.],e4194a0f80447ea10f71e843d0b5653d49aa1defe15fa9f43d038e44c3a9d512 ]
r_el[ 36,[ 0. 12.  4.  6.  8.  6.],2769a7818f8652a0845e10cf91d9da988be26c87edf4ba447fc2ae3bb439be62 ]
r_el[ 40,[0. 9. 8. 9. 7. 7.],9325c6facc06f08e14c0fe46f24de6f7d32025420589e68c976a1547379608af ]
r_el[ 43,[ 0.  3.  8. 11. 14.  7.],46a2c406013731cd44b9db867353fde85f6e07e858119efe6b587809280b6256 ]
r_el[ 46,[ 0. 10. 11.  9. 11.  5.],0cae4c9bb37e341ee43d765839e014c07927f0930d7a7f1ad4f672657e47a8d2 ]
r_el[ 49,[ 0. 10. 10. 16.  8.  5.],cd5d8031b57165e24be2d48dab69a429d162a00c6dada270368a914d6641bc54 ]
r_el[ 52,[ 0.  9. 11.  9. 14.  9.],dd29219770f86560848fe56cf92939b073138e4230f92e5c7ecfe6fad66d75c3 ]
r_el[ 55,[ 0. 10. 12. 11. 11. 11.],93edbe96671efa422210210f3d1a7c6b587eab5c685504a0868db1f5918d918b ]
r_el[ 58,[ 0. 11. 13. 14. 11.  9.],87ec5595a91c391cab93c121a0323f63c2be3acfd4e507266cdfc5c63aa01bf0 ]
r_el[ 61,[ 0. 14. 12. 12. 11. 12.],fa3e1aefda69e0d88342c03e191da27e4ca491cbdedbb1b5f5752c7ce9d73cec ]
r_el[ 64,[ 0. 16. 10. 14. 11. 13.],f9342a09d7ae2cb35790b6a77e58c6b5867e13c065a5ee9d46aa3eb587c9d68b ]
r_el[ 67,[ 0. 12. 20. 10. 17.  8.],d86d25529a498c210fe36f3d577e08db14d9e91ead1634ca4491a1fa09052693 ]
r_el[ 69,[ 0. 10. 12. 15. 15. 17.],2cfdc04bf5d94675b961633a4f24b0f475d13ec3042b09b746e208ff6289da3f ]
r_el[ 73,[ 0. 15. 20.  6. 16. 16.],1a402818c941f991002914024104c4cf5b08319c2666fdbfdfd2028177b6c40b ]
r_el[ 76,[ 0. 14. 19. 18. 10. 15.],ed90ed2c94055baf0d91d8dfc967f18130575325e16661267d701f60273742ae ]
r_el[ 78,[ 0. 16. 17. 16. 13. 16.],cb9a08dffb21f1e01cf9abaae498b9b77ef6f502dbbe6aad684b0a656c3ec6ce ]
r_el[ 82,[ 0. 18. 15. 17. 13. 19.],01990a907ec096464c7f0cd71def5938c544997e801ce870802c2bf00c7ddefe ]
r_el[ 85,[ 0. 16. 18. 19. 14. 18.],68422ade3656d2487b33b7384eed4db8795e7d9b489f03f6f944c40b98bbc2b5 ]
r_el[ 88,[ 0. 18. 18. 17. 14. 21.],bb3bf698afa18ad53cf950a47dc3db043620c4ba0663c50844f15fc17dbaa360 ]
r_el[ 91,[ 0. 23. 13. 19. 16. 20.],a75617372407033ce705b4407bc1f2903eddeb81dadf31c82eadf577171eb7a9 ]
r_el[ 94,[ 0. 20. 14. 16. 20. 24.],551530e0d4200ce75aa54a062e72c7a975ce1a82ccc37167efa0f0b9010ed15f ]
r_el[ 97,[ 0. 21. 16. 14. 22. 24.],0bcb5db13f7676d9ea1429f4415a4b5fe4bbada220d28c3d53b9c5ff2d4e4b35 ]
r_el[ 99,[ 0. 20. 21. 19. 20. 19.],57398af924f7dc68317d0b2359f0a639ad343570fec1b99c26e558a77e784be2 ]
r_el[ 103,[ 0. 18. 15. 27. 17. 26.],c41edd877cd3eae2ebf8ede91c9fb16917e5709290a86bbff225be94692b757f ]
r_el[ 106,[ 0. 18. 24. 26. 17. 21.],5ba739fd3a12b8a0613e4313eff8883fb76bbb7c9472d3c18d913932ead1f542 ]
r_el[ 109,[ 0. 23. 17. 31. 17. 21.],ce873df2104805bc9df3a5dd11b6bab98ea3b4a479580b19384ec5d0ee7b26e9 ]
r_el[ 112,[ 0. 18. 29. 22. 22. 21.],0d937e9d4a3f0fbd8da9cbc1a6d3bcf4caf84a643ecbf75a8be1c9dc1b1dea96 ]
r_el[ 115,[ 0. 23. 20. 18. 24. 30.],d8a5bb0227f3ddd440f74056118aeba76f7e3c29bfd17670c34fdb67d2861f68 ]
r_el[ 118,[ 0. 23. 22. 30. 23. 20.],accf440e5f29d0c1a99d65fef2833675ed6a999460b4a5491fd841c7450658cd ]
r_el[ 121,[ 0. 28. 22. 29. 20. 22.],6fc97edbab0517c451bfa25b5af438313ef188d467c293658b232d40d5ce9466 ]
r_el[ 124,[ 0. 23. 30. 23. 24. 24.],6d1d14d8d63909cec7e79ffcce48f670a428442f16ef83f2fa3675332cdda60a ]
r_el[ 126,[ 0. 33. 32. 21. 17. 23.],f3a243fb41519c2adf6d6058c0f9667c91529c6cc8990938e369761731018e50 ]
r_el[ 129,[ 0. 35. 24. 24. 18. 28.],470aa29e3940a3fccb080ca758a85753a648ab661a4b0aed35b44c413caf501e ]
r_el[ 133,[ 0. 33. 24. 25. 24. 27.],8cd3a67e3abd951b6a9539aefaf18a8bd61c391a7255bd16e4b24f8042935278 ]
r_el[ 135,[ 0. 31. 24. 34. 27. 19.],f7aae58ead87ce22492b978128fd68024448c31b7c2797b2c23bfb022eca059b ]
r_el[ 138,[ 0. 25. 26. 32. 32. 23.],ce720c8cf78764916bd3f7b369029a61a6f93e11369a74b0af3c59a1420a1742 ]
r_el[ 142,[ 0. 22. 32. 23. 26. 39.],0af8520baf3bceefc90fb381b0f1948d2c83e3b9010ae056f9f74b1a91940b00 ]
r_el[ 145,[ 0. 24. 32. 30. 34. 25.],e65b625a36706fed2f3619bdd707d6ff65853bb9c9c5039a02a35f4dd9820a2e ]
r_el[ 148,[ 0. 34. 27. 32. 23. 32.],f2c58740d3fa6c0a5e73410106cb2bc74739a90724ebd3ff3b6dba3a69fc4c43 ]
r_el[ 151,[ 0. 31. 24. 36. 22. 38.],bf3cc9c7a74f39e4b629e34e95c541a307e5f9bb09d69847e1dab4672ed638b4 ]
r_el[ 154,[ 0. 33. 33. 36. 31. 21.],8ff23d30eaf82ccc97a407d418d109db469f808b48f56232d697c445ae3bdc75 ]
r_el[ 156,[ 0. 38. 28. 35. 27. 28.],9e40c2e1d4778087b1984b3bf46e6f47108d658ffeafb99d88b7ff7039fe32ec ]
r_el[ 158,[ 0. 33. 33. 27. 35. 30.],1f681b4ce7857898d287c0c80d873b24f6a0913876aef0dfd8d4fc314c9bed18 ]
r_el[ 163,[ 0. 32. 41. 24. 33. 33.],9bc782079d11ddcbb35f4bb2e245817fb10bb5d1228cf5f6d34e140f61dab727 ]
r_el[ 166,[ 0. 20. 31. 43. 38. 34.],d90af63af237cfedc20e8e42f8942ff284857d84ae420b3a7340f710f041a663 ]
r_el[ 168,[ 0. 29. 23. 40. 37. 39.],f1141d8ee474f7aa5a8ccc04c5ae49e10d3bf32ea343ad65a5bd52e2ad2e6fe6 ]
r_el[ 171,[ 0. 23. 44. 37. 39. 28.],74be9907c6794ada0552ece0b2a9c1310dd0d4dee90a7a3b229d811a9b0344c0 ]
r_el[ 174,[ 0. 36. 40. 38. 33. 27.],aba93d02020181977ae7dd08f4adafbf8ba17af24e584af8146a885e51a07ad0 ]
